V1.0,291021
X	Y	TYPE	SPEED	DirType	Direction
69.3042253	41.3210062	3	70	1	272
69.2835347	41.2946737	1	70	1	140
69.2836098	41.2947182	3	70	1	320
64.7716546	40.0612638	1	30	1	92
66.9012124	39.5819068	1	70	1	254
69.3032919	41.3220911	3	70	1	192
69.3042253	41.3209496	1	70	1	82
69.1516606	41.3058000	1	70	1	188
69.2697528	41.2745343	1	70	1	36
69.1938792	41.2980882	3	70	1	178
69.1941030	41.2985630	1	70	1	358
69.2789440	41.3604170	3	70	1	240
69.1936270	41.3223330	1	70	1	92
69.2348741	41.2684195	1	70	1	40
69.2342143	41.2682576	3	70	1	130
69.2345254	41.2683467	3	70	1	220
69.2339568	41.2684438	1	70	1	312
69.2540026	41.2847784	3	70	1	342
69.3023531	41.3335822	1	70	1	258
69.3024350	41.3334610	3	70	1	78
69.2283840	41.3495290	3	70	1	276
69.2262460	41.3495730	3	70	1	96
69.2076497	41.3388666	3	70	1	306
69.2075477	41.3387655	1	70	1	130
69.2803161	41.2921329	1	70	1	140
69.2803804	41.2921889	3	70	1	296
69.2868446	41.2961448	3	70	1	322
69.2866890	41.2960614	1	70	1	140
69.3162463	41.3163818	3	70	1	26
69.3168210	41.3173570	3	70	1	218
69.2166874	41.3469023	1	70	1	144
66.3891031	39.9392593	1	70	1	248
66.5498047	39.9389249	1	70	1	126
66.8507460	39.8152250	1	70	1	322
69.2435920	41.3118580	3	70	1	274
69.2358772	41.3227088	3	70	1	128
69.2862397	41.3657625	1	70	1	150
69.2773480	41.3607310	3	70	1	146
69.2774709	41.3608340	1	70	1	330
71.6777325	41.0021239	3	70	1	14
71.6710514	40.9935694	3	70	1	72
69.1970010	41.2543782	3	70	1	272
69.2399384	41.3101358	1	70	1	202
69.2097684	41.3430654	1	70	1	300
69.2415400	41.3480000	3	70	1	2
69.2414030	41.3480072	1	70	1	188
69.2834328	41.3280709	1	70	1	8
69.2832504	41.3281222	3	70	1	188
69.3564863	41.2925760	3	70	1	324
69.3555753	41.2930780	3	70	1	146
69.2800180	41.3168650	3	70	1	108
69.2866100	41.3100950	3	70	1	184
69.2855268	41.3675781	3	70	1	194
69.2854874	41.3674685	3	70	1	278
69.2859170	41.3666940	3	70	1	332
69.2850570	41.3670340	3	70	1	122
69.2056062	41.2758611	1	70	1	216
69.1982420	41.2791920	3	70	1	218
69.1983058	41.2791394	1	70	1	32
69.2200610	41.2266560	3	70	1	336
69.1948480	41.2925510	3	70	1	238
69.2321060	41.3250057	3	70	1	308
69.2117580	41.2709440	3	70	1	202
69.2117320	41.2709086	1	70	1	26
69.2475601	41.2661868	1	70	1	240
69.2475360	41.2661490	1	70	1	82
69.2695202	41.2746234	1	70	1	214
69.2224633	41.2592845	1	70	1	246
69.2225917	41.2591837	1	70	1	72
69.2220278	41.3218809	1	70	1	92
69.2214110	41.3221340	3	70	1	298
71.6674810	40.9924930	3	70	1	88
71.6414410	41.0072771	3	70	1	306
71.6773750	41.0082940	3	70	1	20
69.2595851	41.2716596	1	70	1	162
69.2597708	41.2716974	3	70	1	336
69.2778793	41.2908008	1	70	1	124
69.2779276	41.2908493	3	70	1	298
67.1841690	39.7395850	1	70	1	250
68.9186747	41.0669937	1	70	1	228
69.2933318	41.3173930	1	70	1	340
69.3020255	41.3072644	1	70	1	90
69.3014329	41.3074783	1	70	1	292
69.2181000	41.2662760	3	70	1	214
69.2181688	41.2658666	3	70	1	308
66.2173231	39.9269913	1	70	1	292
66.9184895	39.7593067	1	70	1	156
69.3020069	41.3076705	1	70	1	228
69.3021464	41.3076058	1	70	1	48
69.2181366	41.2662713	1	70	1	40
69.2058958	41.2757195	1	70	1	28
69.2415638	41.3120967	1	70	1	30
69.3035386	41.3222842	1	70	1	6
69.1494856	41.2289067	1	70	1	50
72.3631680	40.7680730	3	70	1	328
72.3622560	40.7689760	3	70	1	148
72.3635320	40.7689390	3	70	1	238
72.3621800	40.7681760	3	70	1	58
72.3334960	40.8092950	3	70	1	4
72.3342170	40.8099170	3	70	1	270
72.3511200	40.7874230	3	70	1	284
72.3505430	40.7868770	3	70	1	354
72.3496920	40.7871920	3	70	1	88
72.3321070	40.7827870	3	70	1	358
72.3312260	40.7832460	3	70	1	90
72.3325910	40.7833460	3	70	1	270
72.3319300	40.7837850	3	70	1	180
72.3459990	40.7832610	3	70	1	90
72.3471100	40.7833730	3	70	1	268
72.3502710	40.7614400	3	70	1	48
72.3512730	40.7623340	3	70	1	228
72.3512790	40.7614400	3	70	1	330
72.2892210	40.7570720	1	70	1	24
72.2887918	40.7571699	1	70	1	226
66.4121195	39.4286216	1	70	1	208
69.1492603	41.2290443	1	70	1	234
69.7290131	40.9049322	1	70	1	254
69.7291955	40.9048264	1	70	1	78
69.4739082	41.3192870	1	70	1	208
69.4662029	41.3082531	1	70	1	36
69.4190310	41.2594870	1	70	1	228
69.4192242	41.2594385	1	70	1	50
69.4041867	41.2499284	1	70	1	50
69.4364096	41.2715258	1	70	1	46
69.4362164	41.2716068	1	70	1	226
69.5939077	41.4347904	1	70	1	40
69.9110110	41.6151746	1	70	1	66
69.7588267	41.5524993	1	50	1	148
69.8747839	41.5979732	1	70	1	240
69.8749127	41.5978846	1	70	1	62
67.0728580	39.6978787	1	70	1	222
67.1423610	39.7270390	1	70	1	250
67.2017709	39.7446214	1	100	1	250
67.2018782	39.7445138	1	100	1	70
67.2604590	39.7666710	1	50	1	44
67.2601907	39.7667621	1	50	1	226
67.0087232	39.5463193	1	70	1	174
66.8667038	39.5680784	1	70	1	236
66.7430680	39.5380700	1	70	1	280
67.0326739	39.5952299	1	70	1	6
67.0324378	39.5952050	1	70	1	186
67.0454521	39.6762825	1	70	1	214
67.0303725	39.4674882	1	70	1	6
67.0301258	39.4675048	1	70	1	178
67.0114075	39.4024873	1	70	1	22
68.0620685	40.2920056	1	70	1	42
69.1632861	41.2349495	1	70	1	66
69.1631252	41.2350629	1	5	1	226
68.3707540	40.5610589	1	70	1	216
68.3708989	40.5609812	1	70	1	36
68.9188356	41.0668963	1	70	1	48
67.1843193	39.7394110	1	70	1	70
66.4123770	39.4285300	1	70	1	28
72.3466150	40.7831550	3	70	1	356
72.3465510	40.7836580	3	70	1	180
72.3331630	40.8102630	3	70	1	156
72.3329280	40.8098410	3	70	1	100
68.4015490	40.5506040	1	70	1	126
68.4016670	40.5507268	1	70	1	306
67.3464734	39.8021282	1	100	1	240
67.3465377	39.8020496	1	100	1	60
71.6397781	41.0069520	3	70	1	78
71.6397459	41.0079029	3	70	1	132
71.6684038	40.9927125	3	70	1	244
71.6720707	40.9941060	3	70	1	212
71.6712016	40.9942767	3	70	1	152
71.6718454	40.9935207	3	70	1	326
71.6779363	41.0027742	3	70	1	238
71.6769600	41.0024572	3	70	1	108
71.6778901	41.0086191	3	70	1	314
71.6774824	41.0088873	3	70	1	158
71.6168891	41.0076501	3	70	1	266
71.6168462	41.0071950	3	70	1	312
71.6159557	41.0071137	3	70	1	40
71.6157196	41.0075688	3	70	1	138
71.6676420	40.9921109	3	70	1	4
71.6682750	40.9933303	3	70	1	164
67.0729546	39.6977378	1	70	1	46
71.6810670	41.0324370	1	50	1	262
71.6348637	41.0201772	1	70	1	82
71.6179486	41.0185848	1	70	1	262
69.1638428	41.3352287	1	70	1	20
69.1636390	41.3352610	1	70	1	188
69.2934874	41.3168146	1	70	1	144
69.5918634	40.8748935	1	70	1	182
69.5078013	41.0273310	1	100	1	332
69.4418043	41.1206186	1	100	1	332
69.5073602	41.0275585	1	100	1	152
69.4266981	41.1518339	1	70	1	332
71.6941620	41.1411670	1	70	1	20
69.2807861	41.3217855	1	70	1	280
69.2830821	41.3213487	1	70	1	98
64.7721804	40.0613463	1	30	1	274
65.0768987	40.1120083	1	100	1	260
65.2765080	40.1380240	1	70	1	84
65.4886395	40.1188596	1	30	1	114
65.4892081	40.1187772	1	30	1	300
65.3173130	40.1483982	1	70	1	74
65.3176242	40.1482911	1	70	1	278
64.6049733	41.0609996	1	70	1	90
64.6052093	41.0612432	1	70	1	176
64.6056063	41.0609996	1	70	1	258
64.6052415	41.0607965	1	70	1	356
64.1963686	41.5595476	1	70	1	312
64.1960682	41.5595959	1	70	1	130
64.1890926	41.5888560	1	30	1	146
64.1895861	41.5888883	1	30	1	230
64.1895432	41.5883969	1	30	1	328
64.1889746	41.5884614	1	30	1	48
63.6030485	42.1482262	1	30	1	58
63.6036493	42.1485615	1	30	1	242
63.6034777	42.1483060	1	30	1	320
63.6030914	42.1485854	1	30	1	144
67.4610117	39.8495605	1	30	1	216
67.4608079	39.8492049	1	30	1	44
69.5970410	40.9207520	1	100	1	174
70.0287310	40.9849350	1	70	1	66
70.1038820	41.0128290	1	70	1	60
69.2338327	41.3021600	1	70	1	34
67.5890426	39.9984055	1	70	1	214
67.7928996	40.0984821	1	70	1	274
67.8937570	40.1987610	1	70	1	50
67.8938284	40.1989061	1	70	1	230
65.3625810	40.1234168	3	70	1	340
65.3619802	40.1234745	3	70	1	70
65.3622055	40.1239192	3	70	1	160
65.3627741	40.1237792	3	70	1	250
65.4259300	39.1350300	1	70	1	302
68.0888007	40.3148316	1	70	1	222
68.2070296	40.4152726	1	40	1	222
68.2067936	40.4148872	1	40	1	42
70.2151833	41.0642877	1	40	1	240
70.2147541	41.0639710	1	40	1	64
70.6337710	40.9967690	1	70	1	166
70.6441700	40.9853810	1	70	1	142
70.6808297	40.9484217	1	100	1	138
70.7344318	40.9224245	1	40	1	296
70.7338631	40.9224326	1	40	1	114
71.7815400	40.9601780	1	70	1	114
71.8323367	40.9253698	1	40	1	164
71.8326478	40.9250606	1	40	1	354
72.3460940	40.7514760	3	70	1	180
72.3464696	40.7511986	3	70	1	270
72.3461799	40.7508886	3	70	1	2
72.3457829	40.7511741	3	70	1	90
71.3707430	40.9648740	1	100	1	92
71.2295540	40.9720100	1	60	1	36
71.4292120	40.9671810	1	70	1	86
71.4336860	40.9684640	1	70	1	246
71.5982370	41.0177530	1	40	1	170
69.4242124	41.1550997	1	70	1	154
69.4719011	41.0777340	1	100	1	152
69.0352324	41.1495409	1	50	1	226
69.0373700	41.1508650	1	70	1	46
68.1681228	40.6627354	1	50	1	128
68.1679470	40.6629270	1	50	1	310
67.9616881	40.2991565	1	70	1	194
67.9618169	40.2991236	1	70	1	16
67.8402895	40.1654995	1	70	1	224
67.8403753	40.1654213	1	70	1	46
69.4022503	41.2344794	1	100	1	358
69.3921036	41.2478433	1	5	1	316
69.3915780	41.2480134	1	5	1	136
71.9139370	41.0646180	1	50	1	62
71.7943740	41.0215310	1	70	1	78
71.5440650	41.2139180	1	70	1	28
71.5461014	41.2204224	1	70	1	194
71.5524530	41.1324340	1	90	1	176
71.5729780	41.0794840	1	70	1	168
68.5354271	40.5023479	1	70	1	276
68.5354432	40.5021677	1	70	1	96
68.7153240	40.6552408	1	70	1	346
68.6669493	40.8475333	1	70	1	164
68.6671425	40.8475415	1	70	1	338
68.6734167	40.8898954	1	70	1	20
68.6733112	40.8899781	1	70	1	202
67.8341174	40.1303198	1	70	1	164
67.8342891	40.1302951	1	70	1	344
70.6107540	41.0267300	1	70	1	320
64.5621109	41.1697264	3	70	1	320
64.5617998	41.1698317	3	70	1	140
65.6805450	40.0387080	1	70	1	120
65.8672321	39.9706735	1	70	1	100
65.9396660	39.9729760	1	70	1	12
65.9598558	40.0172291	1	40	1	172
65.9601240	40.0170146	1	40	1	272
65.9599738	40.0171466	1	40	1	18
66.8679490	39.7984510	1	70	1	142
66.7735971	39.6970930	3	40	1	144
66.7737151	39.6970433	3	40	1	332
66.8252459	39.6986500	1	70	1	290
66.9131583	39.6767484	1	70	1	116
67.0018180	39.6433230	1	70	1	118
67.0506730	39.6331300	1	70	1	302
67.0563250	39.6301750	1	70	1	128
67.0722880	39.6186490	1	70	1	130
67.1254130	39.5680760	1	70	1	132
66.4976260	39.5001580	1	70	1	50
66.5878640	39.5434584	1	60	1	270
66.9062440	39.8057970	1	70	1	328
66.8918300	39.8394900	1	70	1	344
66.7632710	39.9321440	1	70	1	286
66.6833760	39.9635750	1	50	1	312
66.6663970	39.9753710	1	70	1	132
66.2362348	39.9508294	1	70	1	186
66.2351370	39.9893510	1	50	1	340
66.2365674	39.9508872	1	70	1	358
66.2964010	39.9019270	1	70	1	170
66.5577559	40.0652729	1	70	1	16
66.5659030	40.0761290	1	70	1	200
66.5830000	40.1062810	1	50	1	26
66.6415200	40.2560510	1	70	1	328
67.0542560	39.7290000	1	70	1	318
66.8026506	39.8501671	1	70	1	308
66.4989450	39.9567780	1	70	1	278
66.1217130	39.9265070	1	70	1	100
65.8393140	39.9752440	1	70	1	286
65.3782780	40.1443450	1	70	1	94
65.3593990	40.1127190	3	70	1	340
64.9396780	39.4410490	1	70	1	124
65.0372940	39.3884490	1	50	1	124
65.0377553	39.3883158	1	50	1	304
65.4253210	39.1352670	1	70	1	122
66.5508850	38.3393670	1	20	1	102
64.4367187	39.8360444	1	70	1	196
61.3689852	41.3492445	1	40	1	294
61.3684058	41.3492688	1	40	1	114
59.6245180	42.4416180	3	70	1	228
59.6247111	42.4410776	3	70	1	318
59.6239172	42.4411571	3	70	1	48
59.6238957	42.4415067	3	70	1	138
59.6175010	42.4738330	3	70	1	348
59.6176834	42.4742380	3	70	1	258
59.6172221	42.4744445	3	70	1	168
59.6169217	42.4740712	3	70	1	78
59.6161740	42.4643683	3	70	1	348
59.6163564	42.4648211	3	70	1	260
59.6158521	42.4650038	3	70	1	170
59.6156590	42.4645510	3	70	1	80
66.9476600	39.6579400	1	70	1	302
71.0619338	40.5045374	1	70	1	298
71.1801330	40.4902760	1	50	1	320
71.1264525	40.5513669	1	50	1	84
64.9397316	39.4411156	1	70	1	306
65.7951942	38.8388224	3	60	1	190
69.2451201	41.3480206	1	70	1	96
67.8579160	40.1000353	1	70	1	290
67.7928298	40.0983956	1	70	1	94
67.5891660	39.9982570	1	70	1	34
69.1518859	41.3058243	1	70	1	6
69.2176719	41.2432902	1	70	1	26
71.7172183	40.4455416	1	50	1	180
71.7065220	40.4245040	1	50	1	120
69.2176022	41.2436181	1	70	1	188
69.3565453	41.2930250	3	70	1	242
69.3557674	41.2927257	3	70	1	62
69.3199677	41.1104793	1	70	1	346
69.4215962	41.0004762	1	50	1	116
69.4378097	40.9929148	1	50	1	126
69.4377560	40.9930774	1	50	1	306
64.5235024	40.0066085	1	70	1	220
66.8193169	39.8403145	1	50	1	128
66.8193330	39.8404220	1	50	1	308
64.4377052	39.7495940	3	70	1	248
64.4371849	39.7493124	3	70	1	70
69.3305100	41.1877300	1	70	1	186
69.1866000	41.2260000	1	70	1	112
64.4371634	39.7496437	3	70	1	158
64.4376194	39.7492544	3	70	1	340
64.4231301	39.7487741	3	70	1	90
64.4236826	39.7493580	3	70	1	180
64.4244551	39.7489107	3	70	1	270
64.4237524	39.7482565	3	70	1	358
64.4863730	39.7432340	1	70	1	302
64.4862282	39.7431139	1	70	1	122
67.9123259	40.0958550	1	70	1	270
67.9123474	40.0957149	1	70	1	92
68.6761564	40.7999921	1	70	1	330
68.6758238	40.8001144	1	70	1	182
71.0550900	40.6153450	1	50	1	44
71.7783599	40.3878549	3	50	1	314
71.7781346	40.3878467	3	50	1	44
71.7783438	40.3881010	3	50	1	224
71.7780756	40.3880189	3	50	1	134
69.3267780	41.3048153	1	70	1	84
68.0659121	40.2954970	1	70	1	222
69.2153000	41.3298000	1	50	1	217
69.2131240	41.2984000	1	50	1	128
64.4331750	39.8194530	1	70	1	196
64.4333252	39.8194282	1	70	1	14
64.4559482	39.7736945	1	70	1	172
64.4561521	39.7737111	1	70	1	352
64.5256143	40.0222630	1	40	1	12
70.0851286	41.0045717	1	70	1	240
70.0055681	40.9768673	5	70	1	246
64.3900256	39.7815935	1	70	1	20
64.3898271	39.7816391	1	70	1	204
68.7634205	40.4977379	1	70	1	168
68.7635707	40.4977953	1	70	1	348
68.7930230	40.3923450	1	70	1	168
68.7931089	40.3923943	1	70	1	348
69.3083540	41.3570230	1	70	1	310
69.2381868	41.3486078	1	70	1	96
69.2010425	41.2437119	1	50	1	46
69.2011140	41.2438770	1	70	1	226
69.1807600	41.2488000	1	70	1	51
69.3170947	41.3515485	1	70	1	128
69.2714500	41.3910000	1	70	1	130
69.3721462	41.3542693	1	70	1	250
69.3638268	41.3548706	1	70	1	274
68.0436279	40.0957215	1	70	1	274
68.0437138	40.0956185	1	70	1	92
67.1957823	37.2999674	1	70	1	352
68.1862350	40.3978000	1	70	1	222
68.1862350	40.3976000	1	70	1	42
59.6308230	42.4363278	1	70	1	318
59.6669006	42.5972017	1	100	1	350
59.6669435	42.5974157	1	100	1	214
59.7743474	42.9008193	1	50	1	202
59.7744869	42.9007325	1	50	1	22
59.7742079	42.9006142	1	50	1	280
59.7742522	42.4176209	1	40	1	280
59.7743380	42.4174937	1	40	1	100
59.7745526	42.4173586	1	40	1	20
59.6503926	42.5617693	1	50	1	210
59.5755645	42.4859956	1	70	1	186
59.5757254	42.4860353	1	70	1	4
67.3602867	37.2778717	1	70	1	216
67.3285123	37.2516451	3	60	1	292
67.3278364	37.2517565	3	60	1	110
67.3281261	37.2519195	3	60	1	188
67.3281046	37.2515078	3	60	1	8
59.4987350	42.4322810	1	70	1	74
59.5618839	42.4474907	1	70	1	234
59.5619805	42.4474311	1	70	1	76
67.2793950	37.2365670	3	20	1	204
67.2672000	37.2238000	3	20	1	252
67.2776000	37.2173900	3	20	1	224
67.2949130	37.2382660	3	20	1	234
67.2712403	37.2292928	3	20	1	82
67.2734000	37.2253000	3	20	1	254
67.2975000	37.2142000	3	20	1	156
67.2718000	37.2295000	3	20	1	254
67.2973000	37.2330000	3	20	1	234
67.2861000	37.2485000	3	20	1	24
67.2844000	37.2455000	3	20	1	24
67.2824000	37.2418000	3	20	1	24
67.2806000	37.2387000	3	20	1	24
67.2767390	37.2316730	3	20	1	0
59.6941659	42.6266026	1	70	1	212
68.0376000	40.5159000	1	70	1	16
68.0374391	40.5159000	1	70	1	196
68.1675187	40.0875868	1	70	1	96
68.1673577	40.0876857	1	70	1	276
59.5447684	42.4453532	1	90	1	62
59.5446289	42.4454327	1	90	1	262
59.5850875	42.4561620	3	70	1	74
69.2798330	41.2860280	5	70	1	210
69.2773890	41.2831110	5	70	1	34
69.2298610	41.2612700	5	70	1	236
67.2634440	37.2126280	3	50	1	124
68.6648520	40.8550140	1	70	1	190
68.6650022	40.8550833	1	70	1	354
69.2758552	41.2444556	1	70	1	270
69.2758499	41.2442896	1	70	1	90
59.6343408	42.4109990	1	70	1	198
69.3470342	41.2396393	1	70	1	220
69.3371182	41.2345518	1	70	1	242
69.3372791	41.2345032	1	70	1	64
69.3472380	41.2396798	1	70	1	34
69.3622954	41.2734592	1	70	1	348
66.8627735	39.9081100	1	50	1	352
66.8625911	39.9080356	1	50	1	170
66.7943740	39.8546890	1	70	1	128
67.0536160	39.6318267	1	70	1	306
67.0536268	39.6316650	1	70	1	122
65.3740731	40.1174863	3	70	1	250
65.3732523	40.1171569	3	70	1	70
65.3734669	40.1175193	3	70	1	160
65.3738317	40.1170580	3	70	1	340
65.3694996	40.1254631	3	70	1	340
65.3689471	40.1255208	3	70	1	70
65.3691080	40.1259325	3	70	1	160
65.3695586	40.1257637	3	70	1	250
65.3552463	40.1215427	3	70	1	250
65.3548172	40.1215756	3	70	1	160
65.3551176	40.1211761	3	70	1	340
65.3663108	40.1151223	3	70	1	70
65.3664771	40.1154765	3	70	1	160
65.3670242	40.1153694	3	70	1	250
65.3668097	40.1150070	3	70	1	340
66.8681079	39.6909719	1	70	1	90
66.8678934	39.6910631	1	70	1	270
66.7335780	39.5391140	1	70	1	278
66.7336961	39.5390143	1	70	1	98
65.3034360	40.1450160	1	70	1	250
59.6196000	42.4652000	3	70	1	78
59.6200150	42.4653100	3	70	1	258
59.6200000	42.4650000	3	70	1	348
59.6197000	42.4655000	3	70	1	168
67.5855700	39.9942600	1	70	1	212
59.6221075	42.4575138	3	70	1	350
59.6310291	42.4457071	3	70	1	312
59.6410670	42.4548650	3	70	1	132
59.6218500	42.4579110	3	70	1	168
59.6417644	42.4549603	3	70	1	222
59.6417108	42.4545392	3	70	1	314
59.6413460	42.4544757	3	70	1	42
59.6305248	42.4457150	3	70	1	46
59.6303532	42.4461044	3	70	1	134
59.6309325	42.4461521	3	70	1	224
59.6222470	42.4578236	3	70	1	256
59.6216784	42.4576409	3	70	1	80
69.3513000	41.3139000	1	70	1	54
67.1544391	39.5399079	1	50	1	124
67.1544391	39.5400000	1	50	1	306
69.2336235	41.3021559	1	70	1	212
71.4885994	40.3515875	1	70	1	242
71.4887067	40.3514685	1	70	1	74
68.7728190	40.5043226	1	60	1	348
68.7726366	40.5042694	1	60	1	168
68.7880182	40.5154345	1	50	1	64
68.7878680	40.5154755	1	50	1	244
68.7382331	40.5808498	1	70	1	168
68.7383994	40.5808498	1	70	1	348
65.3390950	40.1475250	1	70	1	268
69.3267652	41.3049097	1	70	1	264
69.2867438	41.3453586	1	70	1	8
69.2865722	41.3453101	1	70	1	188
69.2347965	41.2441060	1	70	1	88
69.2347589	41.2442437	1	70	1	268
69.2158589	41.2852003	1	70	1	40
69.2157301	41.2852610	1	70	1	220
69.2097950	41.3192210	1	50	1	180
69.2100524	41.3192574	1	50	1	358
69.1724371	41.2307513	1	70	1	150
69.1725820	41.2307797	1	70	1	318
65.2513600	40.1358500	1	70	1	264
65.2479950	40.1353490	1	70	1	82
65.2162942	40.1320151	1	100	1	260
65.1348100	40.1198600	1	70	1	260
64.8310215	40.0586440	1	70	1	272
69.0467000	40.9647120	1	70	1	358
71.0857794	40.4986084	1	70	1	282
71.0857992	40.4984950	1	50	1	106
69.3175485	41.3486622	1	70	1	244
69.3176987	41.3485894	1	70	1	60
68.6671093	40.8648470	1	50	1	10
68.6669376	40.8647900	1	50	1	190
68.6275259	40.5672761	1	100	1	46
68.4472630	40.5260373	1	100	1	126
68.0350631	40.5086617	1	70	1	16
68.0349451	40.5086125	1	70	1	196
69.3136280	41.3257290	1	70	1	184
65.1208622	40.1176734	1	100	1	80
65.1207871	40.1178381	1	100	1	260
65.2913040	40.1413860	1	70	1	70
65.3300111	40.1627518	1	70	1	20
65.3298502	40.1627930	1	70	1	196
65.2464254	40.1897041	1	70	1	296
65.2463932	40.1895724	1	70	1	120
65.2300860	40.1970480	1	70	1	136
65.1897292	40.2209774	1	70	1	140
65.1897936	40.2211337	1	70	1	304
64.5068080	41.2812480	1	100	1	342
64.5066792	41.2812156	1	100	1	162
64.5455750	41.2136360	1	100	1	326
64.5455106	41.2135469	1	100	1	146
64.5900815	41.1313858	1	100	1	160
64.5901781	41.1314426	1	100	1	340
64.5972950	41.1055170	1	100	1	352
64.5971769	41.1054927	1	100	1	172
64.6319523	41.0235227	1	100	1	150
64.6320167	41.0236364	1	100	1	330
64.6826559	40.9673783	1	100	1	140
64.6826345	40.9674759	1	100	1	320
64.7169500	40.9370125	1	100	1	136
64.7169285	40.9371508	1	100	1	316
64.8185650	40.8309950	1	100	1	158
64.8186615	40.8310684	1	100	1	338
64.8585200	40.7592920	1	100	1	158
64.8586166	40.7593818	1	100	1	338
64.8718603	40.7167577	1	100	1	178
64.8716135	40.7167005	1	100	1	334
64.9950362	40.5403828	1	70	1	128
64.9950577	40.5404810	1	70	1	314
65.1452525	40.2605019	1	70	1	202
65.1451345	40.2605348	1	70	1	2
65.3503620	40.1319939	1	70	1	346
65.3502333	40.1319445	1	70	1	166
65.3676938	40.1020258	1	70	1	248
65.3677474	40.1019846	1	70	1	68
69.2475670	41.3981810	1	70	1	272
69.2477279	41.3979710	1	70	1	92
69.4668140	41.0854440	1	70	1	332
69.4667231	41.0852360	1	70	1	152
69.4360050	41.1312230	1	70	1	166
69.4362885	41.1308340	1	70	1	346
69.3615120	41.2768100	1	70	1	172
65.8392711	39.9751201	1	70	1	106
66.2844750	39.9229100	1	70	1	98
66.2844536	39.9230587	1	70	1	290
66.2411062	39.9260062	1	70	1	48
66.5498472	39.9390285	1	70	1	296
66.4349297	39.9519638	1	70	1	252
66.4349940	39.9518482	1	70	1	72
65.7853052	39.9942857	1	70	1	302
65.7852408	39.9941702	1	70	1	120
65.7183747	40.0995973	1	50	1	300
65.7183425	40.0995232	1	50	1	122
65.4474710	40.1278060	1	100	1	274
65.4474925	40.1277072	1	100	1	92
64.7979153	40.0556516	1	70	1	110
64.8063411	40.0538685	1	70	1	104
64.8063304	40.0540004	1	70	1	284
64.8669930	40.0534220	1	100	1	260
65.0026871	40.1007198	1	100	1	250
65.0335244	40.1064709	1	100	1	80
65.0628260	40.1102372	1	100	1	260
65.1614590	40.1248310	1	100	1	78
65.3313817	40.1471542	1	70	1	94
65.3565830	40.1397940	1	70	1	162
65.4070190	40.1329104	1	70	1	138
59.7609890	42.8756375	1	70	1	22
59.7608173	42.8755980	1	70	1	202
69.3216280	41.3155040	1	70	1	276
69.3215958	41.3153260	1	70	1	112
65.3924375	40.1411402	1	70	1	286
65.3923731	40.1410332	1	70	1	108
68.7816706	40.4925534	1	70	1	258
59.6268000	42.3938980	1	50	1	198
59.6269000	42.3938980	1	50	1	18
67.1205340	39.7204070	1	70	1	68
67.1204374	39.7205147	1	70	1	250
69.3547073	41.2506148	1	70	1	48
69.3545678	41.2507484	1	70	1	212
67.1424159	39.7269146	1	70	1	68
67.2361580	39.7545737	1	100	1	250
67.2362331	39.7544909	1	100	1	70
67.4283039	39.8373154	1	50	1	62
67.4289359	39.8377747	1	50	1	252
67.5846944	39.9927225	1	70	1	28
68.7151952	40.6551754	1	70	1	166
68.7610888	40.4877704	1	70	1	274
68.7967909	40.5058411	1	50	1	168
68.7968767	40.5059476	1	50	1	348
68.5221300	40.5033378	1	70	1	110
68.5221515	40.5034607	1	70	1	276
67.4474020	37.5806450	1	20	1	206
65.7958593	38.8383358	3	60	1	278
65.7950761	38.8377568	3	60	1	8
65.7943251	38.8383358	3	60	1	98
65.7876411	38.8273678	3	60	1	232
65.7875016	38.8266796	3	60	1	350
65.7867613	38.8267384	3	60	1	54
65.7868042	38.8273007	3	60	1	142
65.7983815	38.8626002	3	60	1	116
65.7986926	38.8627512	3	60	1	204
65.7989715	38.8625080	3	60	1	294
65.7986980	38.8623989	3	60	1	24
65.7967674	38.8456566	3	60	1	10
65.7965636	38.8458328	3	60	1	102
65.7967460	38.8460341	3	60	1	198
65.8081075	38.8893394	1	60	1	162
65.8082148	38.8894987	1	60	1	342
65.8530786	38.8614720	1	70	1	270
65.8530786	38.8613462	1	70	1	90
65.8187533	38.8251872	1	70	1	16
65.8186407	38.8251830	1	70	1	196
65.8193984	38.8353510	3	60	1	100
65.8196023	38.8356531	3	60	1	178
65.8197310	38.8351748	3	60	1	6
65.8075967	38.8367607	3	60	1	100
65.8078756	38.8370460	3	60	1	190
65.8082833	38.8368362	3	60	1	278
65.8080044	38.8365342	3	60	1	6
65.8047534	38.8707983	3	60	1	46
65.8047051	38.8710499	3	60	1	130
65.8050109	38.8711841	3	60	1	224
65.8051718	38.8708989	3	60	1	308
65.7812949	38.8479383	3	60	1	188
65.7816383	38.8478208	3	60	1	288
65.7814451	38.8476279	3	60	1	358
65.7810911	38.8477705	3	60	1	72
66.2513500	38.6213400	3	0	1	104
66.2516000	38.6210000	3	0	1	8
66.2516000	38.6216200	3	0	1	188
66.2522000	38.6212000	3	0	1	283
66.2494890	38.6216990	1	20	1	104
66.2602050	38.6081270	1	60	1	336
66.2605730	38.6195840	1	60	1	104
66.2805230	38.6276980	1	60	1	43
66.2529040	38.6274600	1	20	1	10
66.2505620	38.6154450	1	60	1	188
66.5595629	38.3411747	3	0	1	106
66.5600000	38.3411000	3	0	1	286
66.5597000	38.3410000	3	0	1	14
66.5598000	38.3413000	3	0	1	196
66.5671388	38.3393724	3	0	1	16
66.5674000	38.3395000	3	0	1	286
66.4049750	38.2207590	1	60	1	334
66.4049000	38.2207590	1	60	1	162
66.4407650	38.3392710	1	60	1	244
66.4407650	38.3392000	1	60	1	62
66.3949000	38.3207000	1	60	1	160
66.3951000	38.3207000	1	60	1	332
65.4034000	38.9227000	3	0	1	6
65.4033000	38.9231000	3	0	1	186
65.4038000	38.9231000	3	0	1	254
65.4548000	39.0424000	3	0	1	26
65.4545000	39.0426000	3	0	1	112
65.4551000	39.0425000	3	0	1	284
65.4113780	38.9247130	1	60	1	74
65.4113780	38.9248000	1	60	1	258
65.4220550	38.9264000	1	60	1	258
65.4220550	38.9263000	1	60	1	78
65.4738660	38.8205980	1	60	1	58
65.4754340	38.8495870	1	60	1	160
65.4755000	38.8495870	1	60	1	344
65.4309000	39.0007280	1	20	1	198
65.4310000	39.0007280	1	20	1	18
65.3809920	38.8453010	1	60	1	123
65.3809920	38.8454000	1	60	1	296
66.8753000	39.1179000	3	0	1	104
66.8757000	39.1179000	3	0	1	272
66.8755000	39.1181000	3	0	1	192
66.8694953	39.1164168	3	0	1	32
66.8696000	39.1168000	3	0	1	222
66.8692000	39.1168000	3	0	1	98
66.8593000	39.1050000	3	0	1	54
66.8595000	39.1052000	3	0	1	234
66.8593000	39.1052000	3	0	1	116
66.8595000	39.1050000	3	0	1	278
66.9054000	39.1188000	3	0	1	4
66.9054000	39.1195000	3	0	1	186
66.9049000	39.1191000	3	0	1	88
66.9059000	39.1192000	3	0	1	270
65.7932000	38.8306000	3	0	1	52
65.7936000	38.8312900	3	0	1	190
65.7941000	38.8310000	3	0	1	276
65.7956000	38.8544000	3	0	1	82
65.7963000	38.8547000	3	0	1	248
65.7959000	38.8547000	3	0	1	174
65.7961000	38.8544000	3	0	1	348
65.7821000	38.8378000	3	0	1	62
65.7826000	38.8382000	3	0	1	252
65.7822000	38.8382000	3	0	1	173
65.7825000	38.8378000	3	0	1	350
65.7892000	38.8540000	3	0	1	94
65.7897000	38.8541000	3	0	1	266
65.7894000	38.8542000	3	0	1	172
65.7894000	38.8538000	3	0	1	12
65.7834000	38.8618000	3	0	1	72
65.7837000	38.8618000	3	0	1	4
65.7840000	38.8620000	3	0	1	260
65.7876000	38.8624000	3	0	1	84
65.7879000	38.8625000	3	0	1	226
65.7879000	38.8622000	3	0	1	350
65.8015190	38.8680990	1	60	1	20
65.7741090	38.8339610	1	60	1	234
65.7647130	38.8592460	1	60	1	268
65.7821000	38.8502680	1	60	1	189
65.8025930	38.8189680	1	60	1	206
65.8075280	38.8095280	1	60	1	126
66.8269000	39.0451000	3	0	1	34
66.8274000	39.0457000	3	0	1	242
66.8270000	39.0457000	3	0	1	176
66.8273000	39.0451000	3	0	1	334
66.8349000	39.0587000	3	0	1	0
66.8349000	39.0593000	3	0	1	184
66.8345000	39.0590000	3	0	1	92
66.8352000	39.0589000	3	0	1	298
66.8352000	39.0537000	3	0	1	358
66.8351000	39.0538000	3	0	1	176
66.2390672	39.9247022	1	70	1	234
64.9394191	40.0824091	1	100	1	250
64.9394942	40.0822937	1	100	1	70
65.1489347	40.1222331	1	70	1	250
65.1870210	40.1282550	1	70	1	262
65.5800670	40.0913170	1	70	1	288
65.5800456	40.0911934	1	70	1	110
65.9291000	40.0687280	1	50	1	314
65.9290248	40.0686291	1	50	1	134
65.8971820	40.0800340	1	50	1	284
65.8972463	40.0799269	1	50	1	104
65.8563390	40.0870730	1	50	1	282
65.8563282	40.0869741	1	50	1	102
65.8278437	40.0919169	1	50	1	284
65.8278437	40.0918015	1	50	1	104
65.7923050	40.0971160	1	50	1	270
65.7923051	40.0969924	1	50	1	100
65.5376390	40.4339400	1	100	1	200
65.5377463	40.4339318	1	100	1	20
65.6883950	40.5736220	1	70	1	86
65.6701643	40.5627885	1	70	1	22
65.7133207	40.5982274	1	70	1	24
65.7131813	40.5982356	1	70	1	200
69.2683866	41.3325930	1	70	1	312
65.7538420	38.7456100	1	70	1	196
65.7539493	38.7456226	1	70	1	16
68.7767397	40.4815701	1	60	1	184
68.7768202	40.4815701	1	60	1	4
69.2885830	41.3548720	1	70	1	8
69.2882933	41.3548558	1	70	1	188
66.2284908	38.7495364	1	70	1	172
66.2285230	38.7496960	1	70	1	10
69.2548076	41.2622340	3	0	1	232
69.2546467	41.2620155	3	0	1	42
69.8864241	41.6036054	1	70	1	238
69.6192000	41.4907000	1	70	1	212
69.6194682	41.4906072	1	70	1	22
69.6170000	41.4857000	1	70	1	22
69.6168605	41.4857492	1	70	1	200
69.6605000	41.5152000	1	70	1	66
69.3172000	41.3843000	1	70	1	324
69.3199000	41.3796000	1	70	1	166
69.1676000	41.3543000	1	70	1	20
69.3575000	41.3477000	1	70	1	310
69.3606357	41.3456213	1	70	1	130
69.5098000	41.3174000	1	70	1	112
69.2076000	41.3112000	1	50	1	210
69.3664000	41.2975000	1	5	1	238
69.3664000	41.2974000	1	5	1	60
69.1517000	41.2588000	1	70	1	312
69.1662000	41.2356000	1	50	1	80
69.3354000	41.2260000	1	50	1	190
69.3336912	41.2109838	1	70	1	186
69.3339000	41.2110000	1	70	1	6
69.3328463	41.2023865	1	70	1	226
69.3321000	41.2017000	1	70	1	44
69.3305000	41.1863000	1	70	1	6
69.3298000	41.1814000	1	70	1	6
69.3272737	41.1648000	1	70	1	188
69.3182000	41.1457000	1	70	1	200
69.3219000	41.1044000	1	70	1	346
69.3266000	41.0848000	1	70	1	170
69.3269000	41.0840000	1	70	1	344
69.3284000	41.0799000	1	70	1	156
69.3352000	41.0727000	1	70	1	144
69.3412000	41.0664000	1	70	1	144
69.3516000	41.0565000	1	70	1	144
69.3199000	41.0348000	1	70	1	18
70.1366000	41.0277000	1	20	1	196
70.1367000	41.0277000	1	20	1	30
69.3607000	41.0197000	1	70	1	174
69.3087000	41.0065000	1	70	1	16
69.2969000	40.9902000	1	70	1	34
69.2858000	40.9770000	1	70	1	198
68.6891000	40.8947000	1	5	1	224
68.6887108	40.8942779	1	5	1	84
69.2068000	40.5330000	1	70	1	174
69.2283000	40.4301000	1	70	1	168
69.2366000	40.3983000	1	70	1	158
69.2548000	40.3854000	1	70	1	126
69.2554000	40.3745000	1	70	1	198
69.2379000	40.3374000	1	70	1	168
69.2448000	40.3168000	1	70	1	168
67.8665000	40.0670000	1	70	1	260
67.8660000	40.0668000	1	70	1	80
65.6742000	40.0418000	1	70	1	300
66.0480000	39.9410000	1	70	1	100
66.1210000	39.9266000	1	70	1	280
66.6664000	39.9122000	1	70	1	286
66.7138000	39.9005000	1	70	1	118
66.7142000	39.9004000	1	70	1	300
66.8679000	39.7986000	1	70	1	320
67.0108000	39.6761000	1	70	1	280
67.0108000	39.6759000	1	70	1	98
67.0314000	39.5893000	1	70	1	186
66.4686000	38.3859000	1	20	1	160
66.4687000	38.3859000	1	20	1	342
65.8193838	38.8425194	1	50	1	180
65.8195448	38.8426033	1	50	1	358
69.6410308	41.5202138	1	100	1	220
69.6410951	41.5199880	1	100	1	46
69.6999210	41.5579117	1	70	1	242
69.7138978	41.5633968	1	70	1	62
69.6735638	41.5406535	1	70	1	54
71.6205345	40.9940648	3	70	1	74
71.6211602	40.9942690	3	70	1	244
71.6206311	40.9943168	3	70	1	158
70.0435727	40.9914555	3	70	1	246
70.0429665	40.9911029	3	70	1	56
70.0435780	40.9911628	3	70	1	340
69.6095609	41.4919012	1	70	1	38
69.6094429	41.4919617	1	70	1	218
69.5731353	41.4585693	1	70	1	212
69.5732426	41.4584967	1	70	1	32
69.4833900	41.3971100	1	70	1	66
69.4832290	41.3972069	1	70	1	240
69.4773300	41.3951700	1	70	1	246
69.4774158	41.3951134	1	70	1	64
69.4405958	41.3798628	1	70	1	56
69.4403920	41.3798790	1	70	1	238
59.6058534	42.4582924	3	60	1	322
59.6056710	42.4588802	3	60	1	172
69.7137959	41.5634049	1	70	1	242
69.2464807	41.2788414	1	70	1	40
69.2462554	41.2789142	1	70	1	220
69.8008200	41.5722000	1	70	1	90
69.8007664	41.5722927	1	70	1	270
59.6205260	42.5249632	1	50	1	257
59.6203490	42.5248520	1	50	1	74
59.5863213	42.4565354	3	70	1	272
59.5858707	42.4562017	3	70	1	2
59.5859244	42.4567260	3	70	1	182
69.1827894	41.2500014	1	70	1	230
69.1835029	41.2506775	1	70	1	50
66.7944962	39.8548356	1	70	1	308
66.5026057	39.9563359	1	70	1	266
66.5023911	39.9561460	1	70	1	102
66.8885107	39.7790205	1	100	1	322
66.8884141	39.7787722	1	100	1	142
69.2125073	41.3512178	1	70	1	144
69.2125502	41.3513148	1	70	1	324
69.2189890	41.3502990	1	70	1	276
69.7904672	40.9090526	1	70	1	290
69.7901239	40.9093456	1	70	1	86
69.5299500	40.9957300	1	100	1	332
69.5291024	40.9966891	1	100	1	152
68.4468982	40.5263648	1	100	1	296
66.2173366	39.9268474	1	70	1	108
64.6691690	40.0934260	1	70	1	258
67.7509954	40.1518268	1	70	1	308
67.5475588	39.9613675	1	70	1	44
66.3332007	39.9183711	1	70	1	256
65.9240951	39.9620379	1	70	1	270
65.9362590	39.9606600	1	70	1	12
70.0586900	40.9950800	1	50	1	252
69.6500147	40.9015937	1	70	1	286
69.6255269	40.9088056	3	70	1	294
69.6390132	40.9041652	5	70	1	114
69.2409970	41.1663500	1	70	1	272
69.3438356	41.3022101	1	70	1	142
69.3457110	41.3068660	1	70	1	260
69.1713260	41.2420300	1	70	1	38
60.6209520	41.5581206	3	70	1	12
60.6215045	41.5582092	3	70	1	302
60.6213704	41.5583905	3	70	1	214
60.6161168	41.5449874	3	70	1	272
60.6152477	41.5448584	3	70	1	70
60.6323192	41.5423356	3	70	1	294
60.6209627	41.5583220	3	70	1	122
60.6166715	41.5295813	3	70	1	4
69.7825740	40.9089400	5	70	1	266
69.7828529	40.9088668	5	70	1	86
65.8522878	39.9727460	5	70	1	100
65.8518694	39.9729110	5	70	1	280
68.0859800	40.3124280	1	70	1	222
69.5328719	40.9912748	5	100	1	152
66.9166549	39.7618573	1	70	1	322
65.6659900	40.0468370	1	70	1	308
69.0352860	41.1493990	1	70	1	48
69.9835178	40.9699456	5	70	1	254
69.9841508	40.9699050	5	70	1	74
68.9653700	41.0996800	1	100	1	228
64.5471253	40.0594867	5	70	1	44
64.5470180	40.0596599	5	70	1	226
66.5419260	39.9434400	1	70	1	126
66.5386390	39.9454490	1	70	1	126
65.0610021	40.1099077	1	100	1	80
64.8992670	40.0664180	5	100	1	60
64.8986447	40.0663190	5	100	1	238
69.6248081	40.9088870	3	70	1	114
67.0339531	39.6064360	1	70	1	186
64.6759900	40.0860940	1	70	1	108
66.2113900	39.9275695	5	70	1	268
66.6263110	39.5433970	5	70	1	90
66.6258818	39.5435049	5	70	1	270
64.7319550	40.0766430	5	70	1	126
64.7315258	40.0770386	5	70	1	314
64.7216350	40.0822103	1	70	1	126
68.4137040	40.5442710	1	70	1	306
66.4592300	39.9583300	1	70	1	72
66.7240493	39.6929056	1	70	1	266
66.7227404	39.6925824	1	70	1	80
66.7564499	39.6933463	1	70	1	256
66.7569649	39.6932552	1	70	1	88
69.4815682	41.3278083	5	70	1	220
69.4755900	41.3218570	5	70	1	26
68.3009400	40.4939360	1	70	1	42
64.5041900	39.9757080	1	70	1	12
64.5039003	39.9753366	1	70	1	192
67.5469257	39.9611858	1	70	1	220
65.1397620	40.2898830	1	70	1	350
65.1397406	40.2902855	1	70	1	170
64.9764857	40.0931078	1	70	1	250
64.9767154	40.0930192	1	70	1	70
65.8099870	38.8679990	1	70	1	304
69.3242532	41.3243897	1	70	1	218
66.8671866	39.5681697	1	70	1	60
60.6167573	41.5302505	3	70	1	184
60.6171114	41.5298796	3	70	1	274
60.6161350	41.5299280	3	70	1	94
69.5865360	41.4294000	5	70	1	80
69.5859995	41.4296100	5	70	1	240
65.3421201	40.1526199	1	70	1	122
65.3343984	40.1564798	1	70	1	302
65.3345915	40.1561670	1	70	1	120
64.5420490	39.7388930	1	70	1	68
64.5414375	39.7389095	1	70	1	250
71.1765495	40.9293623	1	70	1	46
69.2091800	41.2359050	1	70	1	28
70.0591191	40.9950475	1	50	1	74
69.3341049	41.3109230	1	70	1	316
65.5626250	40.4890370	1	100	1	20
65.5622602	40.4886602	1	100	1	200
69.7637980	41.5510950	1	100	1	266
69.3805640	41.2569530	1	70	1	316
69.5593251	41.4473631	1	70	1	30
65.2169701	40.1319822	1	100	1	80
65.1878686	40.1281891	1	70	1	82
71.1609700	40.9224200	1	70	1	270
69.1708164	41.2417669	1	70	1	220
69.1957550	41.2595630	1	70	1	202
66.7857693	39.6969520	1	70	1	84
67.6246126	40.0322608	1	70	1	46
67.6221984	40.0306654	1	70	1	226
67.6089341	40.0177609	5	70	1	226
67.6096529	40.0180827	5	70	1	46
67.6036400	40.0135230	1	70	1	226
67.6014809	40.0120463	1	70	1	226
67.6009659	40.0115100	1	70	1	38
67.6016204	40.0114605	1	70	1	318
65.3552700	40.1840060	1	70	1	44
65.3628200	40.1896360	1	70	1	44
65.3603350	40.1877730	1	70	1	224
60.6319544	41.5423275	3	70	1	358
60.6315038	41.5426338	3	70	1	114
60.6317613	41.5428756	3	70	1	178
65.0050560	40.5276140	1	100	1	158
60.6166971	41.5502590	3	70	1	82
60.6169117	41.5501301	3	70	1	34
60.6176413	41.5505492	3	70	1	262
60.6173623	41.5507184	3	70	1	214
69.1659103	41.2368553	1	70	1	220
65.8054682	38.8957537	1	70	1	342
60.5858980	41.5705490	1	70	1	310
60.5855654	41.5706537	1	70	1	130
67.7511778	40.1515634	1	70	1	120
69.1958617	41.2173120	1	70	1	212
64.5154400	39.7329640	1	70	1	288
72.3187737	40.7373202	3	70	1	226
66.9617578	39.6558004	1	70	1	186
71.4873498	40.9940464	1	70	1	46
71.4933434	40.9984853	1	70	1	46
71.4926674	40.9981845	1	70	1	226
71.5013481	41.0019818	1	70	1	66
60.5887388	41.5626151	1	0	1	208
60.5888461	41.5626433	1	0	1	28
69.1658225	41.2446781	1	70	1	346
69.1658010	41.2440141	1	70	1	166
67.0228431	39.5792163	1	50	1	60
69.3438260	41.3025190	1	70	1	316
69.2100977	41.1740335	1	70	1	122
69.2101191	41.1741794	1	70	1	292
69.2351130	41.1666843	1	70	1	276
69.2351130	41.1665749	1	70	1	112
66.4934214	39.9577564	1	70	1	284
66.4934322	39.9576491	1	70	1	84
69.3388523	41.2902653	1	70	1	198
69.3389917	41.2902572	1	70	1	18
69.3346030	41.3104200	1	70	1	134
69.2409971	41.1662203	1	70	1	94
66.3569785	39.9247705	1	70	1	48
66.9239371	39.7454542	1	70	1	156
66.9239049	39.7457358	1	70	1	334
67.9288500	40.0816900	1	100	1	68
67.9282385	40.0816241	1	100	1	238
66.9321220	39.7356485	1	70	1	140
66.9343000	39.7337460	1	70	1	318
67.6634909	40.0432811	5	100	1	70
67.6627398	40.0432068	5	100	1	250
66.3568819	39.9248613	1	70	1	220
66.9826262	39.7094610	1	70	1	110
66.9906299	39.7073065	5	70	1	290
70.6755082	40.9529607	1	100	1	320
69.8173937	41.5676117	1	70	1	40
66.8446660	39.6930170	1	70	1	284
69.8227699	41.5727603	1	70	1	220
68.9598984	41.0955894	5	100	1	48
69.8229093	41.5727442	1	70	1	40
60.6157730	41.5445600	3	70	1	346
60.6153652	41.5452048	3	60	1	168
60.6121669	41.5182879	1	70	1	34
60.6120059	41.5182798	1	70	1	206
69.6500361	40.9014960	1	70	1	108
60.7509129	41.4905680	1	70	1	134
60.2972395	41.7032327	1	70	1	282
60.2973575	41.7031523	1	70	1	102
69.3455784	41.3703700	1	70	1	204
69.3457501	41.3703458	1	70	1	36
69.3243068	41.3242603	1	70	1	38
67.4615000	37.4600940	1	70	1	10
67.4614000	37.4600940	1	70	1	192
61.9925277	41.0572959	1	70	1	92
61.9925384	41.0574421	1	70	1	272
64.3323965	39.7660660	1	70	1	80
64.3323428	39.7661736	1	70	1	262
65.9241487	39.9618893	1	70	1	90
67.0840442	39.6090548	1	70	1	134
67.0841086	39.6091875	1	70	1	312
60.6714199	41.5478325	1	70	1	356
67.3656000	37.2832330	1	20	1	219
67.3657000	37.2832330	1	20	1	39
60.5973549	41.5581359	1	70	1	178
60.5974514	41.5582004	1	70	1	358
60.5740768	41.5779091	1	70	1	130
60.5740983	41.5780299	1	70	1	310
66.9964000	37.6689560	1	70	1	174
66.9965000	37.6689560	1	70	1	340
67.0290080	37.6331100	1	70	1	311
67.0290080	37.6329000	1	70	1	133
67.0362000	37.9453980	1	70	1	332
67.0361000	37.9453980	1	70	1	156
60.5835540	41.4977220	1	50	1	56
60.5834146	41.4977301	1	50	1	236
64.5153756	39.7328480	1	70	1	108
69.5598133	41.4482188	1	70	1	212
67.6422960	37.8904660	1	70	1	36
67.6418562	37.8902704	1	70	1	216
67.4182578	37.5175133	1	70	1	326
67.4180111	37.5173766	1	70	1	160
67.8678705	38.1142452	1	70	1	28
67.8671409	38.1138044	1	70	1	208
61.1263950	41.3001000	1	70	1	118
61.1260087	41.3004155	1	70	1	296
61.1766443	41.2899954	1	70	1	100
61.1761830	41.2901896	1	70	1	278
60.9139010	41.3349680	1	70	1	104
60.9133538	41.3352106	1	70	1	284
60.6745500	41.3932667	1	70	1	58
60.6740780	41.3932021	1	70	1	238
60.6742280	41.5303063	1	70	1	110
60.7509987	41.4907294	1	70	1	312
69.4359868	41.3252057	1	70	1	104
69.4359546	41.3253512	1	70	1	294
69.4467409	41.3216547	1	70	1	296
69.4466658	41.3215172	1	70	1	116
68.9692900	41.3533620	1	40	1	48
68.9690861	41.3533701	1	40	1	228
69.3328272	41.3323720	1	70	1	38
69.3326877	41.3324367	1	70	1	218
60.5824066	41.6206988	1	70	1	336
60.5823208	41.6206586	1	70	1	156
58.8562095	42.9851914	1	70	1	330
58.8560539	42.9850890	1	70	1	150
60.6742065	41.5304030	1	70	1	290
60.8175383	41.4261268	1	70	1	186
60.8176455	41.4262237	1	70	1	4
60.8158743	41.4077845	1	70	1	4
60.8157348	41.4077199	1	70	1	184
60.6525904	41.5580875	1	70	1	56
60.6524939	41.5581721	1	70	1	236
